 406 0 406 441 0 15 9.523809523809524 453 32 -32
 423 0 423 441 0 15 9.523809523809524 453 32 -32
 543 0 543 441 0 15 9.523809523809524 451 16 0
 592 0 592 441 0 25 9.523809523809524 470 -32 16
 605 0 605 441 0 25 9.523809523809524 470 -32 16
 667 0 667 441 0 25 9.523809523809524 470 -32 16
 731 0 731 441 0 25 9.523809523809524 470 -32 16
 798 0 798 441 0 35 9.523809523809524 460 16 16
 1263 0 1263 441 0 15 9.523809523809524 453 32 -32
 1562 1 122 441 0 15 9.523809523809524 453 32 -32
 1799 1 359 441 0 15 9.523809523809524 453 32 -32
 2295 1 855 441 0 35 9.523809523809524 460 16 16
 2380 1 940 441 0 25 9.523809523809524 470 -32 16
 2419 1 979 441 0 25 9.523809523809524 470 -32 16
 2572 1 1132 441 0 15 9.523809523809524 457 0 -16
 2827 1 1387 441 0 15 9.523809523809524 453 32 -32
 2832 1 1392 441 0 15 9.523809523809524 453 32 -32
 2845 1 1405 441 0 15 9.523809523809524 453 32 -32
 2942 2 62 441 0 15 9.523809523809524 453 32 -32
 2983 2 103 441 0 15 9.523809523809524 453 32 -32
 3059 2 179 441 0 15 9.523809523809524 453 32 -32
 3175 2 295 441 0 15 9.523809523809524 453 32 -32
 3182 2 302 441 0 15 9.523809523809524 453 32 -32
 3339 2 459 441 0 15 9.523809523809524 453 32 -32
 3420 2 540 441 0 25 9.523809523809524 452 0 0
 3567 2 687 441 0 25 9.523809523809524 470 -32 16
 3887 2 1007 441 0 25 9.523809523809524 470 -32 16
 3931 2 1051 441 0 25 9.523809523809524 450 -32 0
 4078 2 1198 441 0 15 9.523809523809524 453 32 -32
 4286 2 1406 441 0 15 9.523809523809524 453 32 -32
 4293 2 1413 441 0 15 9.523809523809524 453 32 -32
 4305 2 1425 441 0 15 9.523809523809524 453 32 -32
 4328 3 8 441 0 15 9.523809523809524 453 32 -32
 4366 3 46 441 0 15 9.523809523809524 453 32 -32
 4593 3 273 441 0 15 9.523809523809524 453 32 -32
 4670 3 350 441 0 15 9.523809523809524 453 32 -32
 4859 3 539 441 0 25 9.523809523809524 452 0 0
 4945 3 625 441 0 25 9.523809523809524 470 -32 16
 5003 3 683 441 0 25 9.523809523809524 470 -32 16
 5018 3 698 441 0 25 9.523809523809524 470 -32 16
 5194 3 874 441 0 25 9.523809523809524 465 0 16
 5545 3 1225 441 0 15 9.523809523809524 453 32 -32
 5828 4 68 441 0 15 9.523809523809524 453 32 -32
 5908 4 148 441 0 15 9.523809523809524 453 32 -32
 6678 4 918 441 0 25 9.523809523809524 470 -32 16
 6954 4 1194 441 0 15 9.523809523809524 453 32 -32
 7057 4 1297 441 0 15 9.523809523809524 453 32 -32
 7270 5 70 441 0 15 9.523809523809524 453 32 -32
 7343 5 143 441 0 15 9.523809523809524 453 32 -32
 7352 5 152 441 0 15 9.523809523809524 453 32 -32
 7385 5 185 441 0 15 9.523809523809524 453 32 -32
 7494 5 294 441 0 15 9.523809523809524 453 32 -32
 7499 5 299 441 0 15 9.523809523809524 453 32 -32
 7515 5 315 441 0 15 9.523809523809524 453 32 -32
 7619 5 419 441 0 15 9.523809523809524 453 32 -32
 7647 5 447 441 0 15 9.523809523809524 453 32 -32
 7778 5 578 441 0 25 9.523809523809524 458 -16 16
 8052 5 852 441 0 35 9.523809523809524 460 16 16
 8255 5 1055 441 0 25 9.523809523809524 450 -32 0
 8257 5 1057 441 0 25 9.523809523809524 450 -32 0
 8343 5 1143 441 0 15 9.523809523809524 457 0 -16
 8416 5 1216 441 0 15 9.523809523809524 453 32 -32
 8902 6 262 441 0 15 9.523809523809524 453 32 -32
 9077 6 437 441 0 15 9.523809523809524 453 32 -32
 9182 6 542 441 0 25 9.523809523809524 452 0 0
 9464 6 824 441 0 35 9.523809523809524 454 32 16
 9503 6 863 441 0 35 9.523809523809524 460 16 16
 9540 6 900 441 0 25 9.523809523809524 458 -16 16
 9565 6 925 441 0 25 9.523809523809524 470 -32 16
 9723 6 1083 441 0 45 9.523809523809524 464 -32 -16
 10012 6 1372 441 0 15 9.523809523809524 453 32 -32
 10236 7 156 441 0 15 9.523809523809524 453 32 -32
 10603 7 523 441 0 15 9.523809523809524 447 16 -16
 10620 7 540 441 0 25 9.523809523809524 452 0 0
 10700 7 620 441 0 25 9.523809523809524 470 -32 16
 10782 7 702 441 0 25 9.523809523809524 470 -32 16
 10912 7 832 441 0 35 9.523809523809524 454 32 16
 10970 7 890 441 0 25 9.523809523809524 465 0 16
 11051 7 971 441 0 25 9.523809523809524 470 -32 16
 11299 7 1219 441 0 15 9.523809523809524 453 32 -32
 11417 7 1337 441 0 15 9.523809523809524 453 32 -32
 11452 7 1372 441 0 15 9.523809523809524 453 32 -32
 11465 7 1385 441 0 15 9.523809523809524 453 32 -32
 11716 8 196 441 0 15 9.523809523809524 453 32 -32
 11784 8 264 441 0 15 9.523809523809524 453 32 -32
 11800 8 280 441 0 15 9.523809523809524 453 32 -32
 11955 8 435 441 0 15 9.523809523809524 453 32 -32
 12121 8 601 441 0 25 9.523809523809524 470 -32 16
 12131 8 611 441 0 25 9.523809523809524 470 -32 16
 12487 8 967 441 0 25 9.523809523809524 470 -32 16
 12524 8 1004 441 0 25 9.523809523809524 470 -32 16
 12539 8 1019 441 0 25 9.523809523809524 470 -32 16
 12546 8 1026 441 0 25 9.523809523809524 470 -32 16
 12878 8 1358 441 0 15 9.523809523809524 453 32 -32
 12952 8 1432 441 0 15 9.523809523809524 453 32 -32
 13062 9 102 441 0 15 9.523809523809524 453 32 -32
 13293 9 333 441 0 15 9.523809523809524 453 32 -32
 13385 9 425 441 0 15 9.523809523809524 453 32 -32
 13535 9 575 441 0 25 9.523809523809524 458 -16 16
 13680 9 720 441 0 25 9.523809523809524 470 -32 16
 13879 9 919 441 0 25 9.523809523809524 470 -32 16
 14200 9 1240 441 0 15 9.523809523809524 453 32 -32
 14259 9 1299 441 0 15 9.523809523809524 453 32 -32
 14282 9 1322 441 0 15 9.523809523809524 453 32 -32
 14329 9 1369 441 0 15 9.523809523809524 453 32 -32
 14477 10 77 441 0 15 9.523809523809524 453 32 -32
 14882 10 482 441 0 15 9.523809523809524 453 32 -32
 15088 10 688 441 0 25 9.523809523809524 470 -32 16
 15257 10 857 441 0 35 9.523809523809524 460 16 16
 15682 10 1282 441 0 15 9.523809523809524 453 32 -32
 15709 10 1309 441 0 15 9.523809523809524 453 32 -32
 15869 11 29 441 0 15 9.523809523809524 453 32 -32
 15969 11 129 441 0 15 9.523809523809524 453 32 -32
 15986 11 146 441 0 15 9.523809523809524 453 32 -32
 16128 11 288 441 0 15 9.523809523809524 453 32 -32
 16136 11 296 441 0 15 9.523809523809524 453 32 -32
 16209 11 369 441 0 15 9.523809523809524 453 32 -32
 16255 11 415 441 0 15 9.523809523809524 453 32 -32
 16386 11 546 441 0 15 9.523809523809524 451 16 0
 16467 11 627 441 0 25 9.523809523809524 470 -32 16
 16839 11 999 441 0 25 9.523809523809524 470 -32 16
 16849 11 1009 441 0 25 9.523809523809524 470 -32 16
 16884 11 1044 441 0 25 9.523809523809524 450 -32 0
 16927 11 1087 441 0 45 9.523809523809524 464 -32 -16
 16957 11 1117 441 0 25 9.523809523809524 468 -16 0
 17258 11 1418 441 0 15 9.523809523809524 453 32 -32
 17269 11 1429 441 0 15 9.523809523809524 453 32 -32
 17308 12 28 441 0 15 9.523809523809524 453 32 -32
 17476 12 196 441 0 15 9.523809523809524 453 32 -32
 17839 12 559 441 0 25 9.523809523809524 452 0 0
 17999 12 719 441 0 25 9.523809523809524 470 -32 16
 18119 12 839 441 0 35 9.523809523809524 454 32 16
 18351 12 1071 441 0 45 9.523809523809524 464 -32 -16
 18476 12 1196 441 0 15 9.523809523809524 453 32 -32
 18766 13 46 441 0 15 9.523809523809524 453 32 -32
 18838 13 118 441 0 15 9.523809523809524 453 32 -32
 18872 13 152 441 0 15 9.523809523809524 453 32 -32
 19068 13 348 441 0 15 9.523809523809524 453 32 -32
 19362 13 642 441 0 25 9.523809523809524 470 -32 16
 19376 13 656 441 0 25 9.523809523809524 470 -32 16
 19401 13 681 441 0 25 9.523809523809524 470 -32 16
 19480 13 760 441 0 25 9.523809523809524 458 -16 16
 19567 13 847 441 0 35 9.523809523809524 454 32 16
 19596 13 876 441 0 25 9.523809523809524 465 0 16
 19615 13 895 441 0 25 9.523809523809524 465 0 16
 19635 13 915 441 0 25 9.523809523809524 470 -32 16
 19638 13 918 441 0 25 9.523809523809524 470 -32 16
 19902 13 1182 441 0 15 9.523809523809524 453 32 -32
 19994 13 1274 441 0 15 9.523809523809524 453 32 -32
 20132 13 1412 441 0 15 9.523809523809524 453 32 -32
 20214 14 54 441 0 15 9.523809523809524 453 32 -32
 20405 14 245 441 0 15 9.523809523809524 453 32 -32
 20742 14 582 441 0 25 9.523809523809524 458 -16 16
 21094 14 934 441 0 25 9.523809523809524 470 -32 16
 21149 14 989 441 0 25 9.523809523809524 470 -32 16
 21417 14 1257 441 0 15 9.523809523809524 453 32 -32
 21450 14 1290 441 0 15 9.523809523809524 453 32 -32
 21584 14 1424 441 0 15 9.523809523809524 453 32 -32
 21585 14 1425 441 0 15 9.523809523809524 453 32 -32
 21755 15 155 441 0 15 9.523809523809524 453 32 -32
 21792 15 192 441 0 15 9.523809523809524 453 32 -32
 21976 15 376 441 0 15 9.523809523809524 453 32 -32
 22211 15 611 441 0 25 9.523809523809524 470 -32 16
 22610 15 1010 441 0 25 9.523809523809524 470 -32 16
 22653 15 1053 441 0 25 9.523809523809524 450 -32 0
 23125 16 85 441 0 15 9.523809523809524 453 32 -32
 23139 16 99 441 0 15 9.523809523809524 453 32 -32
 23152 16 112 441 0 15 9.523809523809524 453 32 -32
 23192 16 152 441 0 15 9.523809523809524 453 32 -32
 23193 16 153 441 0 15 9.523809523809524 453 32 -32
 23448 16 408 441 0 15 9.523809523809524 453 32 -32
 23693 16 653 441 0 25 9.523809523809524 470 -32 16
 23769 16 729 441 0 25 9.523809523809524 470 -32 16
 23986 16 946 441 0 25 9.523809523809524 470 -32 16
 24117 16 1077 441 0 45 9.523809523809524 464 -32 -16
 24194 16 1154 441 0 15 9.523809523809524 447 16 -16
 24301 16 1261 441 0 15 9.523809523809524 453 32 -32
 24356 16 1316 441 0 15 9.523809523809524 453 32 -32
 24441 16 1401 441 0 15 9.523809523809524 453 32 -32
 24448 16 1408 441 0 15 9.523809523809524 453 32 -32
 24510 17 30 441 0 15 9.523809523809524 453 32 -32
 24545 17 65 441 0 15 9.523809523809524 453 32 -32
 24547 17 67 441 0 15 9.523809523809524 453 32 -32
 24563 17 83 441 0 15 9.523809523809524 453 32 -32
 24587 17 107 441 0 15 9.523809523809524 453 32 -32
 24790 17 310 441 0 15 9.523809523809524 453 32 -32
 24992 17 512 441 0 15 9.523809523809524 447 16 -16
 25617 17 1137 441 0 15 9.523809523809524 457 0 -16
 25658 17 1178 441 0 15 9.523809523809524 453 32 -32
 25946 18 26 441 0 15 9.523809523809524 453 32 -32
 26039 18 119 441 0 15 9.523809523809524 453 32 -32
 26161 18 241 441 0 15 9.523809523809524 453 32 -32
 26191 18 271 441 0 15 9.523809523809524 453 32 -32
 26344 18 424 441 0 15 9.523809523809524 453 32 -32
 26540 18 620 441 0 25 9.523809523809524 470 -32 16
 26554 18 634 441 0 25 9.523809523809524 470 -32 16
 26571 18 651 441 0 25 9.523809523809524 470 -32 16
 26637 18 717 441 0 25 9.523809523809524 470 -32 16
 26762 18 842 441 0 35 9.523809523809524 454 32 16
 26855 18 935 441 0 25 9.523809523809524 470 -32 16
 26938 18 1018 441 0 25 9.523809523809524 470 -32 16
 26958 18 1038 441 0 25 9.523809523809524 470 -32 16
 27068 18 1148 441 0 15 9.523809523809524 457 0 -16
 27161 18 1241 441 0 15 9.523809523809524 453 32 -32
 27597 19 237 441 0 15 9.523809523809524 453 32 -32
 27806 19 446 441 0 15 9.523809523809524 453 32 -32
 27838 19 478 441 0 15 9.523809523809524 453 32 -32
 28039 19 679 441 0 25 9.523809523809524 470 -32 16
 28057 19 697 441 0 25 9.523809523809524 470 -32 16
 28081 19 721 441 0 25 9.523809523809524 470 -32 16
 28122 19 762 441 0 25 9.523809523809524 465 0 16
 28173 19 813 441 0 35 9.523809523809524 454 32 16
 28344 19 984 441 0 25 9.523809523809524 470 -32 16
 28474 19 1114 441 0 45 9.523809523809524 466 -16 -16
 28559 19 1199 441 0 15 9.523809523809524 453 32 -32
 28895 20 95 441 0 15 9.523809523809524 453 32 -32
 28933 20 133 441 0 15 9.523809523809524 453 32 -32
 29058 20 258 441 0 15 9.523809523809524 453 32 -32
 29202 20 402 441 0 15 9.523809523809524 453 32 -32
 29304 20 504 441 0 15 9.523809523809524 447 16 -16
 29379 20 579 441 0 25 9.523809523809524 458 -16 16
 29468 20 668 441 0 25 9.523809523809524 470 -32 16
 29506 20 706 441 0 25 9.523809523809524 470 -32 16
 29550 20 750 441 0 25 9.523809523809524 458 -16 16
 29881 20 1081 441 0 45 9.523809523809524 464 -32 -16
 29966 20 1166 441 0 15 9.523809523809524 447 16 -16
 30207 20 1407 441 0 15 9.523809523809524 453 32 -32
