 "2015-01-01 00:16" 0 16 121 0 1 35 7
 "2015-01-01 03:52" 0 232 126 1 1 29 26
 "2015-01-01 04:26" 0 266 126 1 1 29 26
 "2015-01-01 06:30" 0 390 121 0 1 35 7
 "2015-01-01 11:44" 0 704 121 0 1.1 67.50492004489583 8
 "2015-01-01 13:04" 0 784 121 0 1 25.824897143930507 33.93322007141181
 "2015-01-01 14:05" 0 845 121 0 1 34.17095921472307 24
 "2015-01-01 14:30" 0 870 121 0 1.1 51.17095921472307 16
 "2015-01-01 21:22" 0 1282 126 1 1 28.415581193240662 26.584418806759338
 "2015-01-01 22:00" 0 1320 121 0 1 35.07175756564693 6.973090912882403
