 406 0 406 441 0 15 9.523809523809524 453 32 -32
 804 0 804 441 0 35 9.523809523809524 454 32 16
 1024 0 1024 441 0 25 9.523809523809524 470 -32 16
 1898 1 458 441 0 15 9.523809523809524 453 32 -32
 2387 1 947 441 0 25 9.523809523809524 470 -32 16
 2436 1 996 441 0 25 9.523809523809524 470 -32 16
 2586 1 1146 441 0 15 9.523809523809524 457 0 -16
 3065 2 185 441 0 15 9.523809523809524 453 32 -32
 4084 2 1204 441 0 15 9.523809523809524 453 32 -32
 4375 3 55 441 0 15 9.523809523809524 453 32 -32
 4687 3 367 441 0 15 9.523809523809524 453 32 -32
 4767 3 447 441 0 15 9.523809523809524 453 32 -32
 4813 3 493 441 0 15 9.523809523809524 453 32 -32
 4875 3 555 441 0 25 9.523809523809524 465 0 16
 4941 3 621 441 0 25 9.523809523809524 470 -32 16
 5304 3 984 441 0 25 9.523809523809524 470 -32 16
 5350 3 1030 441 0 25 9.523809523809524 470 -32 16
 5526 3 1206 441 0 15 9.523809523809524 453 32 -32
 5737 3 1417 441 0 15 9.523809523809524 453 32 -32
 5941 4 181 441 0 15 9.523809523809524 453 32 -32
 6034 4 274 441 0 15 9.523809523809524 453 32 -32
 7304 5 104 441 0 15 9.523809523809524 453 32 -32
 7314 5 114 441 0 15 9.523809523809524 453 32 -32
 7514 5 314 441 0 15 9.523809523809524 453 32 -32
 7803 5 603 441 0 25 9.523809523809524 470 -32 16
 7896 5 696 441 0 25 9.523809523809524 470 -32 16
 7990 5 790 441 0 35 9.523809523809524 460 16 16
 8074 5 874 441 0 25 9.523809523809524 465 0 16
 8277 5 1077 441 0 45 9.523809523809524 464 -32 -16
 8695 6 55 441 0 15 9.523809523809524 453 32 -32
 8819 6 179 441 0 15 9.523809523809524 453 32 -32
 8856 6 216 441 0 15 9.523809523809524 453 32 -32
 9071 6 431 441 0 15 9.523809523809524 453 32 -32
 9535 6 895 441 0 25 9.523809523809524 465 0 16
 10604 7 524 441 0 15 9.523809523809524 447 16 -16
 10639 7 559 441 0 25 9.523809523809524 465 0 16
 10654 7 574 441 0 25 9.523809523809524 458 -16 16
 10831 7 751 441 0 25 9.523809523809524 458 -16 16
 11083 7 1003 441 0 25 9.523809523809524 470 -32 16
 11288 7 1208 441 0 15 9.523809523809524 453 32 -32
 11449 7 1369 441 0 15 9.523809523809524 453 32 -32
 11484 7 1404 441 0 15 9.523809523809524 453 32 -32
 12083 8 563 441 0 25 9.523809523809524 465 0 16
 12087 8 567 441 0 25 9.523809523809524 465 0 16
 12153 8 633 441 0 25 9.523809523809524 470 -32 16
 12179 8 659 441 0 25 9.523809523809524 470 -32 16
 13094 9 134 441 0 15 9.523809523809524 453 32 -32
 13325 9 365 441 0 15 9.523809523809524 453 32 -32
 13417 9 457 441 0 15 9.523809523809524 453 32 -32
 13714 9 754 441 0 25 9.523809523809524 458 -16 16
 13797 9 837 441 0 35 9.523809523809524 454 32 16
 14353 9 1393 441 0 15 9.523809523809524 453 32 -32
