 "2015-01-01 03:21" 0 201 441 0 15 20 446 20 -20
 "2015-01-01 05:02" 0 302 441 0 15 20 446 20 -20
 "2015-01-01 10:07" 0 607 441 0 25 20 447 -20.5 20
 "2015-01-01 11:12" 0 672 441 0 25 20 447 -20.5 20
 "2015-01-01 14:20" 0 860 441 0 25 20 447 -20.5 20
 "2015-01-02 02:39" 1 159 441 0 15 20 446 20 -20
 "2015-01-02 05:58" 1 358 441 0 15 20 446 20 -20
 "2015-01-02 07:05" 1 425 441 0 15 20 446 20 -20
 "2015-01-02 07:30" 1 450 441 0 15 20 446 20 -20
 "2015-01-02 08:48" 1 528 441 0 45 20.5 449 -20.5 -20.5
 "2015-01-02 09:38" 1 578 441 0 25 20 447 -20.5 20
 "2015-01-02 10:14" 1 614 441 0 25 20 447 -20.5 20
 "2015-01-02 10:38" 1 638 441 0 25 20 447 -20.5 20
 "2015-01-02 11:57" 1 717 441 0 25 20 447 -20.5 20
 "2015-01-02 15:59" 1 959 441 0 25 20 447 -20.5 20
 "2015-01-02 17:00" 1 1020 441 0 25 20 447 -20.5 20
 "2015-01-02 18:27" 1 1107 441 0 45 20.5 449 -20.5 -20.5
 "2015-01-02 21:29" 1 1289 441 0 15 20 446 20 -20
 "2015-01-02 22:55" 1 1375 441 0 15 20 446 20 -20
